OPTION = 2
NX =         8000
NPAS =     200000   NRUN =      20000
DX = 2.500000e-03
DT = 2.000000e-05
G0 = 6.274200e+01

                norm             mu             en            rms         psi(0)
INIT    1.000000e+00   5.000000e-01   5.000000e-01   7.071068e-01   7.511255e-01
NPAS    9.995853e-01   1.036946e+01   6.256976e+00   2.049570e+00   4.060596e-01
NRUN    9.995853e-01   1.036946e+01   6.256976e+00   2.049570e+00   4.060596e-01
