OPTION = 2
NRHO =          500   NZ =          500
NPAS =       100000   NRUN =      20000
DRHO = 2.000000e-02   DZ = 2.000000e-02
DT = 4.000000e-05
AL = 1.000000e+00   BL = 4.000000e+00
G0 = 1.881000e+01

                norm             mu             en         rmsrho           rmsz            rms         psi(0)
INIT    1.000000e+00   2.999999e+00   2.999999e+00   1.000000e+00   3.535534e-01   1.060660e+00   5.988322e-01
NPAS    9.996512e-01   4.361131e+00   3.782281e+00   1.324905e+00   3.804873e-01   1.378457e+00   3.812863e-01
NRUN    9.996512e-01   4.361131e+00   3.782281e+00   1.324905e+00   3.804873e-01   1.378457e+00   3.812863e-01
