OPTION = 2
NX =          800   NY =          800
NPAS =      30000   NRUN =       5000
DX = 2.000000e-02   DY = 2.000000e-02
DT = 1.000000e-04
AL = 2.000000e+00
G0 = 1.254840e+01

                norm             mu             en            rms       psi(0,0)
INIT    1.000000e+00   1.500000e+00   1.500000e+00   8.660254e-01   6.709383e-01
NPAS    9.993492e-01   3.254878e+00   2.490493e+00   1.179722e+00   4.632526e-01
NRUN    9.993492e-01   3.254878e+00   2.490493e+00   1.179722e+00   4.632526e-01
