OPTION = 2
NR =         3000
NPAS =     200000   NRUN =      20000
DR = 2.500000e-03
DT = 2.000000e-05
G0 = 1.254840e+02

                norm             mu             en            rms         psi(0)
INIT    1.000000e+00   1.500000e+00   1.500000e+00   1.224745e+00   4.237759e-01
NPAS    9.998394e-01   4.014113e+00   3.070781e+00   1.882143e+00   1.738168e-01
NRUN    9.998394e-01   4.014113e+00   3.070781e+00   1.882143e+00   1.738168e-01
