OPTION = 2
NX =          240   NY =          200   NZ =          160
NPAS =       5000   NRUN =        500
DX = 5.000000e-02   DY = 5.000000e-02   DZ = 5.000000e-02
DT = 4.000000e-04
AL = 1.414214e+00   BL = 2.000000e+00
G0 = 4.490700e+01

                norm             mu             en            rms     psi(0,0,0)
INIT    1.000000e+00   2.207102e+00   2.207102e+00   1.050501e+00   5.495710e-01
NPAS    9.965305e-01   4.344625e+00   3.486230e+00   1.458340e+00   2.887706e-01
NRUN    9.965305e-01   4.344620e+00   3.486230e+00   1.458348e+00   2.887700e-01
