OPTION = 2
NR =         2000
NPAS =     200000   NRUN =      20000
DR = 2.500000e-03
DT = 2.000000e-05
G0 = -2.509700e+00

                norm             mu             en            rms         psi(0)
INIT    1.000000e+00   1.000000e+00   1.000000e+00   1.000000e+00   5.641896e-01
NPAS    9.999800e-01   4.997720e-01   7.701071e-01   8.775765e-01   6.753464e-01
NRUN    9.999800e-01   4.997720e-01   7.701071e-01   8.775764e-01   6.753465e-01
